name uniquepspsobid ra dec l b class prob_galaxy prob_star prob_qso extrapolation_class celldistance_class cellid_class z z_err z_phot0 extrapolation_photoz celldistance_photoz cellid_photoz
107032303508355380 926118000076727 230.35078649 -0.8041451 1.3420461174757 44.4019903552817 UNSURE 0.5765829 0.119473994 0.30394313 1 13.803595489977523 4160 -999.0 -999.0 -999.0 -999 -999.0 -999
107032303551246089 926118000027944 230.35519491 -0.80359467 1.34665295050252 44.3990070995632 GALAXY 0.98520225 0.0006651551 0.014132491 0 0.19902721637227547 8578 0.19264302402734756 0.04281001785969651 0.19090112 0 0.10695644199712044 5198
107032303574849192 926118000076787 230.35738655 -0.80107009 1.35133183610223 44.3989914372954 GALAXY 0.9571686 0.001039114 0.041792314 1 6.481194659462825 148 0.6507195234298706 0.3176633567325444 0.6805552 1 1.710718642568023 10943
107032303580456525 926118000076799 230.35803666 -0.80325916 1.34960186079857 44.3970713489724 GALAXY 0.9861929 0.0025262658 0.011280778 0 1.1991310808586357 39 0.6293602883815765 0.3309877587032942 0.68620193 0 1.0542673568523242 11131
107042303476006690 926118000026827 230.34760712 -0.79477469 1.34908979878709 44.4105103426368 UNSURE 0.03185776 0.5248884 0.44325384 0 0.255203842079836 2419 -999.0 -999.0 -999.0 -999 -999.0 -999
107042303501161196 926118000076721 230.35012454 -0.79936289 1.34651728157393 44.4056102948972 GALAXY 0.97905594 0.002489442 0.018454622 1 3.3275492753472067 448 0.691051572561264 0.20558571056606162 0.65289855 1 4.383749292526056 11248
107042303502325923 926118000027176 230.35023878 -0.79540886 1.35081825087864 44.4081016290904 GALAXY 0.9473405 0.010078012 0.042581525 1 10.70756401509668 448 0.46112821996212006 0.28525577973103644 0.5079344 1 10.459960908380124 11249
107042303533844081 926118000027641 230.3534153 -0.79695527 1.35207548919843 44.4046850495368 GALAXY 0.99787605 0.0010946012 0.0010293453 0 0.2231744085452629 6033 0.15798930823802948 0.0550221883392298 0.15921655 0 0.21145440969476587 3674
107042303537506470 926118000076745 230.35369408 -0.79502477 1.3543788979866 44.4057322423206 GALAXY 0.95236486 0.0031180223 0.04451707 1 8.238315801197796 148 0.7768333554267883 0.11344012055702875 0.8234154 1 6.991487694540731 11093
107042303542619268 926118000076751 230.3542661 -0.79260689 1.35746729398056 44.4068747682984 UNSURE 0.6797871 0.07273266 0.2474802 1 13.551720968708935 146 -999.0 -999.0 -999.0 -999 -999.0 -999
107042303551730394 926118000027955 230.35522408 -0.79992605 1.35057291651819 44.4013768476748 GALAXY 0.96721977 0.0009345786 0.031845637 0 0.11731043737687905 3612 0.50865039229393 0.22794929475026024 0.5028761 0 0.15457071879698467 7880
107042303581027830 926118000028452 230.35806204 -0.79375037 1.35971693141519 44.4032511009392 GALAXY 0.7786073 0.20793529 0.013457375 0 0.5846976355226241 766 0.6871771812438965 0.11058754126128173 0.69228035 0 0.5320037217030736 7999
107042303597040039 926118000028705 230.35973152 -0.80030548 1.35428275619842 44.3977119681776 GALAXY 0.9827656 0.0071243355 0.010110053 0 0.5963832707795425 5109 0.4694491773843765 0.03322501118032101 0.46863326 0 0.5857796615673886 6074
107042303608425598 926118000028874 230.36084762 -0.79564236 1.36025009528558 44.3999055832178 STAR 1.0481131e-11 1.0 6.9844283e-16 1 2.883481964515848 9443 -999.0 -999.0 -999.0 -999 -999.0 -999
107052303521332815 926118000027429 230.35210231 -0.78977025 1.35850405940461 44.4103646230243 GALAXY 0.92734724 0.04317346 0.029479235 1 2.7516942437463863 148 0.7703143358230591 0.10352177293956244 0.77116543 0 0.7997873702692552 11246
107052303537444176 926118000076744 230.35375674 -0.78855192 1.36130699094677 44.409904342847 GALAXY 0.9398418 0.034785938 0.02537217 1 4.679573358317263 4341 0.7240563035011292 0.277418568528884 0.653687 1 2.156988004851925 9324
107182269610647606 923667000063868 226.96106531 -0.67735812 358.240458651487 47.0129606864913 GALAXY 0.8471985 0.072613075 0.0801884 1 16.503321913968108 4154 0.3969689607620239 0.37897964017266783 0.4513269 1 15.638034970172026 947
107182269618246350 923667000063872 226.96182414 -0.67839878 358.240100096534 47.0116961919766 GALAXY 0.98830867 0.00069662667 0.010994688 1 1.9074743395198406 40 0.4224489629268646 0.4635329146911935 0.5490978 1 1.7222852750142523 11128
107192269560793096 923667000009610 226.95615428 -0.67278199 358.240462061986 47.0196730503133 GALAXY 0.99801123 0.00017141738 0.0018173262 0 0.12281097648020298 8577 0.3054482042789459 0.026157816941885896 0.30988553 0 0.1033368274179727 4894
107192269566482079 923667000009673 226.95665992 -0.67374603 358.239932636075 47.0186460482128 GALAXY 0.93670696 0.012091113 0.051201988 0 0.4316664191645958 2413 0.39376725256443024 0.08166698874533496 0.37777835 0 0.24982163330306617 6505
107192269577465954 923667000009802 226.95768496 -0.67049235 358.244449923326 47.0201132429023 GALAXY 0.99662197 0.00017849209 0.0031995415 0 0.16303343283801802 5119 0.2722195237874985 0.09463362821208816 0.25189018 0 0.16727610145933244 7140
107192269599667184 923667000010076 226.9599333 -0.66935436 358.247918758772 47.0192433237618 GALAXY 0.9797453 0.0012121451 0.01904253 0 0.31978214951712314 1065 0.4333057552576065 0.07290222968813867 0.40991265 0 0.2536503504046259 9199
107192269633405824 923667000010490 226.96335206 -0.67052016 358.250083961939 47.0159469153663 GALAXY 0.9995284 0.00023124942 0.00024034717 0 0.33035537412352006 4833 0.055185407400131226 0.03744576853347722 0.047225326 0 0.2782097330661698 5015
107192269665915122 923667000010869 226.96662561 -0.67109149 358.252741938352 47.013161801583 STAR 0.001542512 0.99829656 0.00016095278 0 0.31594099656667707 5700 -999.0 -999.0 -999.0 -999 -999.0 -999
107202269628365220 923667000063882 226.96283664 -0.66266987 358.257997035815 47.0216730636063 GALAXY 0.8472419 0.039098665 0.11365948 1 24.050297676819888 5814 0.3266688287258148 14.161043072227306 0.6330838 1 22.882334665595756 2695
107202269649930259 923667000063895 226.96501362 -0.66680734 358.255730316971 47.0172606718332 GALAXY 0.9805714 0.005441575 0.013986959 0 1.2778688376990013 4754 0.6900120377540588 0.25829599432240896 0.64042056 1 5.25723644770763 47
107202269653642250 923667000063901 226.96534471 -0.66514543 358.257845442178 47.0181506656937 GALAXY 0.89134216 0.0037912177 0.10486668 1 11.511075066786766 6564 0.6350573599338531 0.3094875670905181 0.67836493 1 13.110411466140674 918
107232877435139587 992366000133894 287.7435077 -0.63403025 34.5975368098005 -4.635354064896981 STAR 0.01011163 0.98625934 0.0036290167 0 0.44250691591559893 5162 -999.0 -999.0 -999.0 -999 -999.0 -999
107232877446979355 992366000134324 287.74469225 -0.63421471 34.5979147839619 -4.63649208120758 STAR 0.007903972 0.98925894 0.0028371704 1 3.408075317993574 1490 -999.0 -999.0 -999.0 -999 -999.0 -999
107232877463598868 992366000134934 287.74633717 -0.63461374 34.5983121240796 -4.63813762300917 UNSURE 0.38308188 0.35880956 0.25810862 1 7.6933865780476545 2987 -999.0 -999.0 -999.0 -999 -999.0 -999
107232877471749072 992366000135237 287.7471656 -0.6344653 34.598824110542104 -4.63880682449828 STAR 0.10133733 0.8222826 0.076380126 0 0.5611904923188065 9619 -999.0 -999.0 -999.0 -999 -999.0 -999
107232877486129727 992366000135785 287.74859696 -0.63391913 34.5999673015778 -4.63983079035916 STAR 0.045729995 0.9492148 0.0050552078 1 5.819959872562976 9279 -999.0 -999.0 -999.0 -999 -999.0 -999
107232877486696222 992366000135806 287.74864727 -0.63683754 34.5973853977583 -4.64120812608293 STAR 1.3730206e-06 0.99999857 5.450176e-09 1 12.712071472985992 8390 -999.0 -999.0 -999.0 -999 -999.0 -999
107232877489057412 992366000135883 287.74892269 -0.63584356 34.5983987834024 -4.64099928136367 UNSURE 0.4050949 0.2537591 0.34114596 1 6.931644861740873 2364 -999.0 -999.0 -999.0 -999 -999.0 -999
107232877491318239 992366000135967 287.74914847 -0.63516827 34.5991049688579 -4.6408917926969 STAR 0.13854016 0.79234254 0.069117315 1 4.977620948078414 6255 -999.0 -999.0 -999.0 -999 -999.0 -999
107232877494845600 992366000136090 287.74949034 -0.63735467 34.5973100070637 -4.64219425794517 GALAXY 0.8408972 0.081765026 0.07733781 1 19.1866064565815 8990 0.9166558384895325 0.11787632295735363 0.9083197 1 22.350120076373237 1797
107232877509636665 992366000136658 287.75096353 -0.63646955 34.598774907652604 -4.64310067021157 STAR 0.05856512 0.90431213 0.03712277 0 0.259448363877458 10430 -999.0 -999.0 -999.0 -999 -999.0 -999
107232877515665568 992366000136910 287.75158796 -0.63737093 34.598256381831604 -4.64406775020034 UNSURE 0.6785602 0.11196715 0.20947266 1 24.494206405105245 10340 -999.0 -999.0 -999.0 -999 -999.0 -999
107232877516726376 992366000136964 287.75166812 -0.63670023 34.598891766779296 -4.64383281261066 STAR 0.027464218 0.879187 0.09334876 1 6.441030471598127 4171 -999.0 -999.0 -999.0 -999 -999.0 -999
107232877529886774 992366000137451 287.75296124 -0.6363348000000001 34.599810310686806 -4.64481632708114 STAR 6.7755755e-06 0.99999154 1.6735447e-06 1 25.08392474681071 10642 -999.0 -999.0 -999.0 -999 -999.0 -999
107232877535525615 992366000137654 287.75354511 -0.63731898 34.5991992974082 -4.6457851324224695 UNSURE 0.13542143 0.2287338 0.63584477 1 17.731168273073777 6411 -999.0 -999.0 -999.0 -999 -999.0 -999
107232877538068274 992366000137747 287.75381572 -0.63513101 34.6012762382326 -4.645026815505751 STAR 0.0022882812 0.9974872 0.00022455063 1 5.420704458557744 2809 -999.0 -999.0 -999.0 -999 -999.0 -999
107232877540119615 992366000164499 287.75399737 -0.63408696 34.6022913654912 -4.64471168489105 STAR 6.3328805e-14 1.0 3.8297637e-13 1 15.595800566602112 10197 -999.0 -999.0 -999.0 -999 -999.0 -999
107232877548998532 992366000138150 287.75491247 -0.63492368 34.6019637116501 -4.64590782567755 STAR 0.002383799 0.9975147 0.00010141281 1 23.29512282077556 10493 -999.0 -999.0 -999.0 -999 -999.0 -999
107232877551127016 992366000138222 287.75511431 -0.63617241 34.6009415585032 -4.64665757199106 STAR 0.022511296 0.9626564 0.014832294 0 0.1321994896916481 10299 -999.0 -999.0 -999.0 -999 -999.0 -999
107232877553727580 992366000138326 287.75536974 -0.6357079999999999 34.6014731005628 -4.64667274930814 STAR 0.029992227 0.9526921 0.01731576 1 5.7280742414272705 2089 -999.0 -999.0 -999.0 -999 -999.0 -999
107232877571069849 992366000138977 287.75710579 -0.63381287 34.6039599631995 -4.647351811062469 UNSURE 0.5574766 0.38403133 0.058492035 1 24.520425792541822 10341 -999.0 -999.0 -999.0 -999 -999.0 -999
107232877575119260 992366000139114 287.75750037 -0.63433607 34.603673710585 -4.64794173476179 UNSURE 0.55694574 0.21917978 0.22387445 1 24.546202067573155 10341 -999.0 -999.0 -999.0 -999 -999.0 -999
107242877427674219 992366000133602 287.74277033 -0.63017047 34.6006442090414 -4.63293566687117 STAR 0.03134569 0.952298 0.016356356 0 1.5371588311344344 706 -999.0 -999.0 -999.0 -999 -999.0 -999
107242877428412866 992366000133633 287.74284221 -0.63131307 34.599657272411605 -4.63352133957624 STAR 0.009675663 0.987048 0.0032763514 0 1.002182475454064 556 -999.0 -999.0 -999.0 -999 -999.0 -999
107242877429278364 992366000133673 287.74292489 -0.62672255 34.6037925515355 -4.63149878655627 STAR 0.061569415 0.89108926 0.04734135 0 0.8632531743913967 10856 -999.0 -999.0 -999.0 -999 -999.0 -999
107242877431210783 992366000133741 287.74312221 -0.63304146 34.5982428033248 -4.63455963566934 STAR 0.029529402 0.9654583 0.0050124037 0 1.0930060534430628 4097 -999.0 -999.0 -999.0 -999 -999.0 -999
107242877433691813 992366000133841 287.74335496 -0.63219946 34.5991009777858 -4.634382225153151 STAR 0.06063282 0.831655 0.107712105 1 8.487119905549514 7042 -999.0 -999.0 -999.0 -999 -999.0 -999
107242877436843487 992366000133955 287.74365721 -0.63075937 34.6005248334448 -4.63399354520589 STAR 0.038884707 0.953785 0.0073302737 1 5.668923575147694 1649 -999.0 -999.0 -999.0 -999 -999.0 -999
107242877437916936 992366000133990 287.74381463 -0.62790452 34.6031451295175 -4.63283001677237 GALAXY 0.7236607 0.17244959 0.10388976 1 14.013225373303491 9449 0.27542468905448914 0.02123519047543795 0.27428493 1 14.854796588491206 1349
107242877440335445 992366000134080 287.74403531 -0.62913686 34.6021462580352 -4.63358904351096 UNSURE 0.49293128 0.22543478 0.28163385 1 19.0306910704338 10189 -999.0 -999.0 -999.0 -999 -999.0 -999
107242877449401121 992366000134416 287.74497235 -0.63274677 34.5993533565308 -4.6360709823381505 STAR 0.14949197 0.8339432 0.016564814 1 18.056206839235386 10188 -999.0 -999.0 -999.0 -999 -999.0 -999
107242877450067760 992366000134442 287.74503979 -0.62722143 34.6043160726963 -4.6336080189016196 GALAXY 0.839072 0.016702903 0.14422514 0 0.611825178222704 6749 1.1000494360923767 0.7943737930041692 0.96155095 0 0.7041149649239353 602
107242877451213556 992366000134486 287.74510185 -0.63083264 34.601121201846105 -4.6353121683703 GALAXY 0.9832544 0.013425709 0.0033199473 1 18.217501519735944 6408 0.4670116603374481 0.014298741831252435 0.46630827 1 16.265549382156102 141
107242877451776756 992366000134505 287.74518946 -0.62808596 34.6036129725496 -4.634135927239679 GALAXY 0.96856046 0.025437452 0.006002188 1 13.645946827605407 6408 0.3595994561910629 0.010479829745791548 0.3585135 1 12.318040899991269 140
107242877452489508 992366000134532 287.7452767 -0.62575302 34.6057352703618 -4.633148270722139 STAR 1.956906e-05 0.9998566 0.00012381245 0 0.9510305837582886 9934 -999.0 -999.0 -999.0 -999 -999.0 -999
107242877459227371 992366000134776 287.74590334 -0.62754787 34.604420281795996 -4.63452529945523 GALAXY 0.94144845 0.020923061 0.037628468 1 18.109916686473973 6435 0.566162645816803 0.051269274260530635 0.56557447 1 17.41027323744354 13
107242877459909683 992366000134804 287.74598622 -0.62561267 34.6061855684105 -4.63371537878304 STAR 0.087969944 0.8465505 0.06547944 0 0.5040978121921782 10128 -999.0 -999.0 -999.0 -999 -999.0 -999
107242877466733916 992366000135043 287.74666046 -0.63042551 34.6021985781129 -4.63651282176032 STAR 0.020645872 0.9763979 0.0029561736 0 1.3914231857138921 977 -999.0 -999.0 -999.0 -999 -999.0 -999
107242877469952715 992366000135161 287.74699268 -0.63141957 34.6014634804039 -4.63726227143166 STAR 0.05474272 0.910229 0.03502825 0 0.2560456793121411 9771 -999.0 -999.0 -999.0 -999 -999.0 -999
107242877470356076 992366000135176 287.74703915 -0.62862973 34.6039749359141 -4.63602972382667 STAR 4.8693973e-14 1.0 6.7845514e-11 1 20.852294198326582 10196 -999.0 -999.0 -999.0 -999 -999.0 -999
107242877479609587 992366000135522 287.74796542 -0.62569562 34.6070181851995 -4.63551396757975 STAR 0.01484781 0.97966546 0.005486724 0 1.0940134186245143 5313 -999.0 -999.0 -999.0 -999 -999.0 -999
107242877481070627 992366000135577 287.74810675 -0.63316689 34.600414184830605 -4.63905121137903 STAR 0.0006493733 0.99891865 0.00043205166 0 0.6079201813858444 10932 -999.0 -999.0 -999.0 -999 -999.0 -999
107242877481903693 992366000135613 287.74817423 -0.63061657 34.602721481001396 -4.6379467275379005 STAR 0.086481705 0.8952296 0.018288782 1 2.1131859912664837 364 -999.0 -999.0 -999.0 -999 -999.0 -999
107242877494968760 992366000136097 287.74950105 -0.62638547 34.6071059001903 -4.63719507654275 STAR 0.014378307 0.976304 0.009317747 0 0.7606682898273474 10854 -999.0 -999.0 -999.0 -999 -999.0 -999
107242877496151331 992366000136137 287.74961082 -0.6325823 34.6016249794628 -4.64012231562088 STAR 0.06548149 0.90073943 0.03377909 0 0.23891392548592666 9985 -999.0 -999.0 -999.0 -999 -999.0 -999
107242877498653955 992366000136230 287.74985173 -0.6303895 34.6036926064477 -4.63933536340079 STAR 0.028380686 0.9597545 0.011864673 1 4.651841371889057 2846 -999.0 -999.0 -999.0 -999 -999.0 -999
107242877499835448 992366000136281 287.74997281 -0.62918816 34.604820372564696 -4.63889452352704 GALAXY 0.8694814 0.100374095 0.030144459 1 12.598110286340852 10049 0.7164714336395264 0.012567240194654999 0.71590126 1 11.761301731117854 749
107242877503222847 992366000136421 287.7503356 -0.6313388000000001 34.6030669286063 -4.64019928530146 UNSURE 0.67839605 0.14080335 0.18080062 1 21.209638961976403 10045 -999.0 -999.0 -999.0 -999 -999.0 -999
107242877508927703 992366000136638 287.75091042 -0.62724908 34.6069806804061 -4.6388432060384694 STAR 2.6457328e-06 0.9999974 2.3627226e-08 1 17.690613993187505 10787 -999.0 -999.0 -999.0 -999 -999.0 -999
107242877509895949 992366000164468 287.75102610000005 -0.62865777 34.6057762960385 -4.6395893529163095 GALAXY 0.7864216 0.1350548 0.07852358 1 13.945285141514487 10049 -0.02323862910270691 0.008195313732442753 -0.023497462 1 15.15323340539849 899
107242877511366313 992366000136726 287.75114292 -0.62842526 34.606037345850396 -4.639587108214809 STAR 0.03209831 0.9580573 0.009844423 0 0.21112035582164387 10159 -999.0 -999.0 -999.0 -999 -999.0 -999
107242877511620921 992366000136740 287.75116486 -0.63292117 34.6020343960646 -4.64165953845726 STAR 0.003866249 0.9954176 0.0007161516 0 0.17720932855401145 10172 -999.0 -999.0 -999.0 -999 -999.0 -999
107242877511939006 992366000136749 287.75119784 -0.62617895 34.6080675275637 -4.6386102519932 STAR 0.09204368 0.9069678 0.000988503 1 10.366381259514858 11230 -999.0 -999.0 -999.0 -999 -999.0 -999
107242877512888682 992366000164471 287.75128801 -0.62645568 34.6078618292529 -4.63881682907092 GALAXY 0.8221701 0.13582791 0.04200203 1 14.720464112256982 10649 -0.266791433095932 0.09129596301821294 -0.26162517 1 13.870298416831178 446
107242877513710525 992366000136835 287.75140455 -0.63325877 34.6018428565205 -4.64202692233899 STAR 0.020062322 0.95833147 0.02160622 1 2.770449290387029 5381 -999.0 -999.0 -999.0 -999 -999.0 -999
107242877520664749 992366000137113 287.75207956 -0.62972177 34.605309165889395 -4.64101236300695 STAR 0.026657064 0.9697169 0.0036259817 1 8.815302749165875 3265 -999.0 -999.0 -999.0 -999 -999.0 -999
107242877527382784 992366000137351 287.75275750000003 -0.63135035 34.6041660711649 -4.642359103972269 GALAXY 0.8117157 0.16707553 0.0212087 1 18.42882993974004 6262 0.36780746281147003 0.04203304132554705 0.36715162 1 17.38669933892479 141
107242877527489326 992366000137358 287.75274819 -0.62592171 34.6090073464453 -4.63987199253241 UNSURE 0.4096785 0.102040365 0.48828116 1 1.5646770258797444 7816 -999.0 -999.0 -999.0 -999 -999.0 -999
107242877528356093 992366000137393 287.75284428 -0.62862178 34.606641318397 -4.6411903868348 STAR 1.5039876e-05 0.99998236 2.6511689e-06 1 24.809334987771873 10642 -999.0 -999.0 -999.0 -999 -999.0 -999
107242877532400169 992366000137545 287.75323155 -0.63353396 34.6024341550112 -4.64377789565975 STAR 0.0007962622 0.9990381 0.00016560154 1 4.231322369170077 2059 -999.0 -999.0 -999.0 -999 -999.0 -999
107242877533151494 992366000137570 287.75342593 -0.63242537 34.603512719429496 -4.64344461801388 STAR 0.077164866 0.9191698 0.0036653723 1 14.619717307542352 10796 -999.0 -999.0 -999.0 -999 -999.0 -999
107242877537347172 992366000137719 287.75373503 -0.62772446 34.607850304809 -4.641573069331121 GALAXY 0.8288478 0.10839407 0.06275812 1 18.85945599070302 10339 0.8985815048217773 0.0579657740272158 0.9024495 1 20.941144533157793 1649
107242877542323529 992366000137900 287.75427192 -0.63075913 34.6053875356114 -4.64343638343262 UNSURE 0.11719567 0.48053613 0.40226814 1 18.44810345684743 6262 -999.0 -999.0 -999.0 -999 -999.0 -999
107242877543511241 992366000137950 287.75436278 -0.63268999 34.603705685466196 -4.64439887839942 STAR 0.008865572 0.99112695 7.458134e-06 1 23.488738339035258 10642 -999.0 -999.0 -999.0 -999 -999.0 -999
107242877544892646 992366000138001 287.7544977 -0.63148169 34.6048460124996 -4.6439671735543095 STAR 0.001995802 0.9977278 0.0002764534 1 3.705073712083405 3124 -999.0 -999.0 -999.0 -999 -999.0 -999
107242877546658722 992366000138067 287.75468547 -0.62641271 34.6094565515598 -4.64181961217905 STAR 0.09101774 0.82461065 0.08437168 0 0.7346878927223037 6237 -999.0 -999.0 -999.0 -999 -999.0 -999
107242877551807396 992366000138256 287.75518373 -0.62750832 34.608706875273 -4.6427631488603 STAR 0.0009957537 0.99869055 0.00031371426 1 3.529312874112239 2976 -999.0 -999.0 -999.0 -999 -999.0 -999
107242877553440610 992366000138314 287.75536347 -0.63315373 34.6037501628788 -4.64550085290293 STAR 0.08977692 0.90003705 0.010186022 1 21.772579339135504 10494 -999.0 -999.0 -999.0 -999 -999.0 -999
107242877554989180 992366000138376 287.75541539999995 -0.6260351 34.6101279822656 -4.64229653674105 GALAXY 0.7681031 0.08882965 0.14306723 1 2.370806658908263 1925 0.4558936208486557 0.02584854657481697 0.4568463 1 2.5064222287313456 925
107242877556961696 992366000138434 287.75571809 -0.63225212 34.6047173852755 -4.64540463539179 UNSURE 0.60000527 0.1289455 0.27104923 1 16.647699629917813 6134 -999.0 -999.0 -999.0 -999 -999.0 -999
107242877558512437 992366000138493 287.75585729 -0.6316594 34.6053102109412 -4.64525782219733 UNSURE 0.66602665 0.15335815 0.18061529 1 18.81710193844784 10340 -999.0 -999.0 -999.0 -999 -999.0 -999
107242877562684817 992366000138652 287.75627415 -0.6296755 34.6072719895698 -4.644722776348201 STAR 0.00190716 0.99809283 1.6092299e-08 1 20.63196886131418 10797 -999.0 -999.0 -999.0 -999 -999.0 -999
107242877565319338 992366000138749 287.75654529 -0.6258849 34.610779652588896 -4.64323310880458 STAR 0.20129767 0.7007653 0.097936936 0 0.6168307899940163 6087 -999.0 -999.0 -999.0 -999 -999.0 -999
107242877569773289 992366000138916 287.75698751 -0.63092611 34.6064824914104 -4.64592844097271 UNSURE 0.37427327 0.3475265 0.2782002 1 5.169405593977004 4770 -999.0 -999.0 -999.0 -999 -999.0 -999
107242877569881560 992366000138922 287.75698737 -0.63238389 34.6051812192659 -4.64659396645872 STAR 0.022648336 0.96408534 0.013266265 0 0.549652675459368 6237 -999.0 -999.0 -999.0 -999 -999.0 -999
107242877574758303 992366000139102 287.75747653 -0.6267658 34.610419973022296 -4.64446378655427 STAR 0.06774454 0.91267216 0.019583225 0 0.18291220911218448 10140 -999.0 -999.0 -999.0 -999 -999.0 -999
107242877584422361 992366000139459 287.75844154 -0.63171302 34.6064461865327 -4.6475812762702695 STAR 0.021719053 0.96909475 0.009186184 0 0.806957484394832 6237 -999.0 -999.0 -999.0 -999 -999.0 -999
107242877585434451 992366000139510 287.75854852 -0.62996931 34.608051622591894 -4.64688023273853 STAR 0.017491259 0.96042746 0.022081263 1 6.5980554165132785 4171 -999.0 -999.0 -999.0 -999 -999.0 -999
107252877457571480 992366000134716 287.74576905 -0.62407995 34.607454156058004 -4.63282230878929 STAR 7.0852526e-05 0.9996965 0.0002326162 1 7.5611629053487315 10784 -999.0 -999.0 -999.0 -999 -999.0 -999
107252877462121523 992366000134878 287.74622032 -0.62408404 34.6076572289397 -4.63322562955595 STAR 0.1421398 0.84661007 0.011250083 1 1.8553386738301576 9698 -999.0 -999.0 -999.0 -999 -999.0 -999
107252877472890727 992366000135289 287.74728867 -0.62474467 34.6075569691021 -4.63447770053528 STAR 0.003960955 0.9948514 0.0011876356 0 0.34690693496321434 11227 -999.0 -999.0 -999.0 -999 -999.0 -999
107252877494830430 992366000136089 287.74949782 -0.62497964 34.608359238867806 -4.63655026928518 UNSURE 0.34346405 0.41368967 0.24284625 0 0.8044127685796341 8571 -999.0 -999.0 -999.0 -999 -999.0 -999
107252877499632073 992366000136275 287.74997171 -0.62361761 34.609792047453496 -4.63634990906289 STAR 0.05737661 0.9017911 0.04083222 0 0.16135116008011766 10681 -999.0 -999.0 -999.0 -999 -999.0 -999
107252877507151106 992366000136555 287.75071988 -0.62444649 34.609394939655296 -4.637393973219281 UNSURE 0.6904258 0.1473991 0.16217513 1 20.218591987312994 9449 -999.0 -999.0 -999.0 -999 -999.0 -999
107252877511611872 992366000136737 287.75117233 -0.62377949 34.61019755767639 -4.6374919067991 STAR 0.08453788 0.8966265 0.018835573 0 0.5093548305895509 8563 -999.0 -999.0 -999.0 -999 -999.0 -999
107252877518803467 992366000137035 287.75188388 -0.62244879 34.6117112752612 -4.637517273228401 GALAXY 0.8498127 0.089703165 0.06048419 1 17.056895155427945 10645 0.35040995478630066 0.24864424377214348 0.2794373 1 21.28387643451591 147
107252877528241966 992366000137385 287.75283515 -0.62370571 34.6110251485215 -4.638937471784731 UNSURE 0.38283435 0.3858704 0.2312952 0 0.5204174855507415 4545 -999.0 -999.0 -999.0 -999 -999.0 -999
107252877530670696 992366000137484 287.75307236 -0.62475635 34.6101960305546 -4.63962824445839 STAR 0.09275452 0.8786549 0.028590554 0 0.8054400284989429 6451 -999.0 -999.0 -999.0 -999 -999.0 -999
107252877537351548 992366000137720 287.75375711 -0.62406147 34.6111299531035 -4.63992010218389 STAR 0.060129743 0.9052702 0.0346 0 0.3683396955319466 10680 -999.0 -999.0 -999.0 -999 -999.0 -999
107252877544741895 992366000137993 287.75447929 -0.62377191 34.611719241047396 -4.64043033688917 STAR 0.01168909 0.9830959 0.0052150064 0 0.08635656695959132 10164 -999.0 -999.0 -999.0 -999 -999.0 -999
107252877546460538 992366000138061 287.75464936 -0.62490646 34.610784468053396 -4.641099697424339 STAR 0.065771334 0.9039337 0.030294927 0 0.339463725771829 11157 -999.0 -999.0 -999.0 -999 -999.0 -999
107252877555021804 992366000138377 287.7554958 -0.6238499 34.612115293488806 -4.64137024213516 STAR 0.045840435 0.9247235 0.029436113 0 1.0994146507274039 4869 -999.0 -999.0 -999.0 -999 -999.0 -999
107252877563210777 992366000164519 287.75632008 -0.62470942 34.6117257024925 -4.64249600606399 GALAXY 0.8307757 0.12136619 0.047858175 1 21.069804133745922 11237 0.3221922963857651 0.07368781108123854 0.3162766 1 17.137645702010502 595
107252877567241133 992366000138824 287.75667789999994 -0.6246301999999999 34.6119603314997 -4.64277815076178 UNSURE 0.35538512 0.6411707 0.0034441885 1 22.043732595205196 11239 -999.0 -999.0 -999.0 -999 -999.0 -999
107542275942757948 923772000031004 227.59438548 -0.37711746 359.191020254646 46.7501302656745 UNSURE 0.53743273 0.30781573 0.1547515 0 1.0166409830655083 4155 -999.0 -999.0 -999.0 -999 -999.0 -999
107542275958337963 923772000031243 227.59585223 -0.37709485 359.192484230273 46.7490599542651 STAR 0.0028349168 0.9965622 0.00060287124 0 0.492742509707341 1259 -999.0 -999.0 -999.0 -999 -999.0 -999
107542276015194637 923772000068982 227.60161559 -0.37983121 359.195184655276 46.7429543443504 GALAXY 0.94814783 0.011775507 0.0400767 1 9.601777736777537 3250 0.6914918422698975 0.17159736229340739 0.6831191 1 8.06027613965819 491
107542276043724548 923772000069010 227.60434968 -0.37989666 359.197796797653 46.7408867673014 GALAXY 0.8006989 0.0021877366 0.1971134 1 18.162016112334367 6864 0.6753202080726624 0.5243821665325288 0.5661825 1 18.75433364515187 618
107542276080188524 923772000033004 227.60802599 -0.37660342 359.204960818328 46.7403800838394 STAR 0.00094825 0.9941273 0.00492454 0 0.03231149622041405 10506 -999.0 -999.0 -999.0 -999 -999.0 -999
107552275962813798 923772000031323 227.59628237 -0.37220522 359.198188176845 46.7520297028963 STAR 0.00030376442 0.9955642 0.0041319253 0 0.10163934156309863 11143 -999.0 -999.0 -999.0 -999 -999.0 -999
107552275980730948 923772000031582 227.59806219 -0.3746073 359.197340070961 46.7490971385089 STAR 0.00021403347 0.9997272 5.87158e-05 0 0.07389071671418268 10232 -999.0 -999.0 -999.0 -999 -999.0 -999
107552275999328487 923772000031839 227.59977766 -0.36815642 359.20599231835 46.7521650019657 GALAXY 0.99316335 0.0017278434 0.00510885 0 0.48953771140789876 4684 0.0807163417339325 0.03515158919223128 0.07050076 0 0.3781805203887781 5164
107552276021471603 923772000032133 227.60215996 -0.37402841 359.201986596801 46.7464534283976 GALAXY 0.99955505 0.0002922057 0.00015274191 0 0.2641829129134301 6494 0.06563998758792877 0.01114429596676859 0.066253245 0 0.22073581920042343 8391
107552276034385183 923772000032331 227.60348591 -0.37104228 359.206513418088 46.7474797859407 GALAXY 0.9800402 0.016864983 0.0030948108 0 0.801377099482544 1815 0.10069708526134491 0.030183706322941574 0.09554419 0 0.4040470998997945 5908
107552276042954244 923772000032458 227.60429543 -0.37178629 359.206503991667 46.7463803295969 STAR 0.037513126 0.9493419 0.013144963 0 0.35122133168844577 3466 -999.0 -999.0 -999.0 -999 -999.0 -999
107552276043654998 923772000069009 227.60437186 -0.37119232 359.207220631319 46.7467231138371 GALAXY 0.98232496 0.0060889735 0.011586123 0 0.5015505139938774 1836 0.5266392529010773 0.09519746858728954 0.53061175 0 0.33791832910829234 8441
107552276047388312 923772000069014 227.60473144 -0.36839183 359.210598852719 46.7483398112433 UNSURE 0.67839605 0.14080335 0.18080062 1 22.067535376806262 11234 -999.0 -999.0 -999.0 -999 -999.0 -999
107662270996428256 923739000033182 227.09950827 -0.27695615 358.810412368593 47.183104191425 GALAXY 0.99314284 0.005244539 0.0016126233 0 0.4653778056340916 1517 0.2060932144522667 0.19565296118976566 0.20225948 0 0.36221959503916806 8746
107662271009440464 923739000033356 227.10091828 -0.28321999 358.805025235611 47.1778300520842 GALAXY 0.985366 0.0021210683 0.012512943 1 2.0995138305902756 143 0.3515666276216507 0.19567874834514157 0.32289106 0 0.6661444200220108 7800
107662271017026152 923739000033450 227.10165333 -0.2784979 358.810874898155 47.1804813419893 UNSURE 0.39798796 0.0086377235 0.59337425 0 0.5627119981421539 485 -999.0 -999.0 -999.0 -999 -999.0 -999
107662271033888467 923739000033706 227.10339713 -0.27662023 358.81464492606 47.1804660169319 GALAXY 0.99817884 0.00011491991 0.0017062573 0 0.10036394655570383 10272 0.09124082326889038 0.01039036992475969 0.09142363 0 0.09621747612043643 1761
107662271075456398 923739000034403 227.10748945 -0.2783465 358.816843952104 47.1762836113547 UNSURE 0.6365108 0.0005564623 0.36293274 0 0.27536416860123525 7240 -999.0 -999.0 -999.0 -999 -999.0 -999
107672270941746495 923739000067137 227.09418396 -0.26994355 358.812718182846 47.1917684044285 UNSURE 0.6941694 0.14962533 0.15620524 1 15.691170400702752 7774 -999.0 -999.0 -999.0 -999 -999.0 -999
107672270963075086 923739000067151 227.09647893 -0.27107436 358.813775365594 47.1893129265832 GALAXY 0.9952691 0.0019094573 0.0028213651 0 0.49657735892468563 1541 0.5442191064357758 0.177698168899178 0.56743395 0 0.6324174565142073 9932
107672270963857180 923739000067154 227.09638826 -0.26937511 358.815527566759 47.1905285746303 GALAXY 0.95181 0.021660771 0.026529297 0 1.1264512176057007 1691 0.5866537690162659 0.34649876008337716 0.518239 0 1.1944168950796579 9783
107672270982254319 923739000032984 227.09818803 -0.27179355 358.814695895194 47.1875674070163 GALAXY 0.9484569 0.012161968 0.039381206 0 1.4907002884686238 4949 0.6733687520027161 0.05158420442010232 0.6787659 1 2.5336407591714862 1359
107672271000843227 923739000033245 227.10013243 -0.27253672 358.815824434533 47.185632293349 GALAXY 0.93673205 0.009313296 0.05395467 0 0.48169928608979107 4533 0.30228523910045624 0.06260396301463014 0.28998458 0 0.39096526139115384 5767
107672271006800283 923739000033319 227.10060951 -0.27512686 358.813490947754 47.1835296146502 GALAXY 0.97571886 0.0035221209 0.020759 0 0.251626485362388 2715 0.34683719277381897 0.05947001744508359 0.34121984 0 0.24773374018357364 6510
107672271035615839 923739000067232 227.10356177 -0.27049299 358.82145146345 47.1844870526564 GALAXY 0.9753337 0.0036957017 0.020970589 0 0.7376209306663393 6665 0.0797877311706543 0.0018753985704028436 0.07939097 0 0.687304010991303 5544
107672271037376175 923739000033763 227.10372079 -0.2702026 358.821924483381 47.1845661843956 GALAXY 0.99672925 0.0030810633 0.00018967973 0 0.6498799849380015 7448 0.06569720804691315 0.0038477265717103593 0.06551641 0 0.5776743577637392 2535
107672271038366688 923739000067235 227.10388262 -0.26969871 358.822631785099 47.1847875722253 GALAXY 0.9915023 0.0045865267 0.0039112447 0 0.9269733060796875 5622 0.06957270205020905 0.0034062627564957794 0.06981376 0 0.9756894388817049 4799
107672271040498449 923739000067237 227.10419233 -0.26829242 358.824464625906 47.1855100057202 GALAXY 0.9612007 0.02744488 0.011354501 0 1.4562634751610464 8399 0.04764530062675476 0.004802498467436068 0.047538877 1 3.8522557918419174 0
107672271042548042 923739000033838 227.10424133 -0.26862902 358.824148395789 47.1852463576088 GALAXY 0.9889098 0.00024304856 0.010847193 0 0.30689127902620666 7614 0.06754058599472046 0.0031994170839824486 0.06731504 0 0.2735461032477074 1787
107672271047627794 923739000033930 227.10451422 -0.26893158 358.824091767002 47.1848407363144 GALAXY 0.95522237 0.026029538 0.018748078 0 0.6688499729521108 10948 0.01914358139038086 0.00027930417885669006 0.01913011 0 0.5204128472811247 148
107672271070912792 923739000034300 227.10709288 -0.27307371 358.822165605961 47.1801404471307 GALAXY 0.88873094 0.0022779547 0.10899112 0 0.3084084917461647 6183 0.19436729699373245 0.025795206321055576 0.20117837 0 0.2761667971556689 6705
108242176743779073 916889000092059 217.67437713 0.20720075 348.554601100486 54.042986407271 GALAXY 0.7904048 0.09307857 0.116516575 1 10.16595068890014 8534 0.8584963381290436 0.11720324639313112 0.8455763 1 8.24691900609091 3146
108242176755998375 916889000092075 217.67559967 0.20661905 348.555577365312 54.0417598902042 GALAXY 0.8915763 0.005023747 0.1033999 0 0.852145094702775 40 0.6561233699321747 0.2811106398381786 0.68980336 0 0.7918793861259866 11128
108252176724954356 916889000024540 217.67251013 0.21161094 348.556925827037 54.0475768670629 GALAXY 0.9988738 0.00041921448 0.00070695276 1 11.145891163725187 4449 0.6461282074451447 0.18975467863200043 0.6721072 1 10.142382304699579 209
108252176748848448 916889000025003 217.67488452 0.21487039 348.563577994283 54.0485811139275 GALAXY 0.75184315 0.23692255 0.011234247 0 1.1668580157422972 2290 0.6914051175117493 0.6734155923745764 0.66645026 0 1.1084436857437718 5292
108252176757936837 916889000025192 217.67571214 0.21362299 348.563313804282 54.0470921903549 UNSURE 0.59214354 0.4048784 0.002978075 0 0.47629815256571906 19 -999.0 -999.0 -999.0 -999 -999.0 -999
108252176760707416 916889000025236 217.67604788 0.21420879 348.564389776234 54.0473305336309 GALAXY 0.97213596 0.008279053 0.01958499 0 1.4176131232468396 3192 0.553719162940979 0.11755373672187706 0.5559132 0 0.3644530357906203 5430
108252176795765529 916889000025878 217.67973482 0.21259755 348.567488272852 54.0437416990859 GALAXY 0.9969875 0.0020097797 0.0010027157 0 0.4291513248335041 770 0.2729727327823639 0.34058570831901314 0.19480306 0 0.2617260266795233 9041
108252176800769893 916889000025953 217.68018065 0.21618551 348.571962271289 54.0462259644399 GALAXY 0.960982 0.0060259397 0.032992058 1 9.383125729375497 8680 0.5558494329452515 0.09181240811549884 0.5370786 1 10.68815119607676 3776
