name ra dec z separation z_err
"2MASS J14413576+0657549" 220.39899 6.96514 0.391489 0.0781352074295153 0.00039148899999999996
"2MASS J15082490-0016127" 227.10373 -0.27021 0.091489 0.3548160192299699 9.1489e-05
"2MASS J15082502-0016072" 227.10425 -0.26864 0.088429 0.45135626255668415 8.842899999999999e-05
"2MASS J15325460+3328553" 233.2276 33.48209 0.083324 0.08989827758550084 8.332399999999999e-05
"2MASX J13404319+4312386" 205.18013 43.21087 0.062413 0.04180717309061216 6.2413e-05
"2MASX J14413544+0657535" 220.3977 6.9649 0.117098 0.0013913797353757456 0.000117098
"2MASX J15224941+2925430" 230.70567 29.42858 0.109771 0.43215921125147677 0.00010977099999999999
"CGCG 162-055" 210.94111 32.00038 0.0623 0.040214140779614126 6.23e-05
"IC 1074" 222.98885 51.26488 0.025866 0.2012820098275286 2.5866e-05
"IC 4145" 195.95738 38.28658 0.05007 0.1814914348873735 5.007000000000001e-05
"IC 4611" 248.42641 39.18514 0.029841 0.33283347535843016 2.9841e-05
"MCG +09-24-038" 221.65449 56.23297 0.038243 0.10266215280932026 3.8243e-05
"SDSS J132749.16+274345.1" 201.95486 27.72922 0.043689 0.021238363738166115 4.3689e-05
"SDSS J133101.38+340854.3" 202.75579 34.14845 -4.1e-05 0.3044092967088087 -4.1e-08
"SDSS J142814.30+304257.4" 217.05962 30.71595 0.012784 0.2061987062598762 1.2784e-05
"SDSS J144136.57+065751.2" 220.40241 6.96425 0.115497 0.28273236715918193 0.00011549700000000001
"SDSS J145155.44+511559.5" 222.981 51.26655 0.026635 0.1714904881243549 2.6634999999999998e-05
"SDSS J145449.68+053541.6" 223.70704 5.59491 -7.7e-05 0.0968001825016215 -7.7e-08
"SDSS J152433.64+274251.5" 231.14022 27.71428 0.604308 0.3435180849862486 0.000604308
"SDSS J155502.03+311624.7" 238.75856 31.27351 0.657024 0.18566051467093433 0.0006570240000000001
"WISEA J114200.55+265452.7" 175.50226 26.91463 0.050852 0.05250090366660654 5.0852e-05
"WISEA J120134.41+540937.9" 180.39349 54.16055 0.055037 0.044622119628446096 5.5037e-05
"WISEA J131419.61+433212.5" 198.58175 43.53681 0.075544 0.0058156229287177705 7.554400000000001e-05
"WISEA J131648.95+301218.8" 199.20399 30.20529 0.203979 0.21954813417565022 0.000203979
"WISEA J131902.11+450135.1" 199.75875 45.02642 0.060375 0.005722855042466048 6.0375e-05
"WISEA J132749.34+274351.1" 201.95558 27.73078 0.043277 0.08050110978057036 4.3277000000000006e-05
"WISEA J135325.49+585651.4" 208.35629 58.94759 0.07436 0.02412692367161736 7.436e-05
"WISEA J140739.75+304228.4" 211.91563 30.70787 0.069111 0.0017032040816491287 6.911100000000001e-05
"WISEA J141211.43+400554.5" 213.04767 40.0985 0.067137 0.033968605170158046 6.7137e-05
"WISEA J141716.85+054338.7" 214.32027 5.72726 0.198072 0.15661978998145182 0.000198072
"WISEA J141948.92+330023.9" 214.95389 33.00661 0.711739 0.11026156841473703 0.0007117390000000001
"WISEA J142417.00+312454.8" 216.0708 31.41508 0.040566 0.06181376729832062 4.0566e-05
"WISEA J142517.22+364646.2" 216.32165 36.77955 0.592582 0.23263702372029701 0.000592582
"WISEA J142518.50+364631.9" 216.3271 36.77562 0.0974 0.129362127754715 9.74e-05
"WISEA J142701.10+014011.6" 216.75459 1.66988 0.054383 0.036384398953249 5.4383000000000004e-05
"WISEA J143343.54+301255.9" 218.43152 30.21561 0.099798 0.01785716012774425 9.9798e-05
"WISEA J143831.14+021020.7" 219.62973 2.1724 0.128878 0.010874289843848126 0.000128878
"WISEA J144510.81+083452.9" 221.29504 8.58138 0.122704 0.007541278646274608 0.000122704
"WISEA J144858.78+504208.6" 222.24499 50.70241 0.113906 0.24738234799657186 0.00011390599999999999
"WISEA J145147.02+080839.1" 222.94587 8.14414 0.035886 0.09961965194820971 3.5886e-05
"WISEA J145259.03+075442.9" 223.24594 7.91192 0.10005 0.0021613694235593298 0.00010005
"WISEA J145408.46+073158.3" 223.5353 7.53288 0.178057 0.05571338772590584 0.000178057
"WISEA J145408.81+073220.5" 223.53674 7.53899 0.177681 0.41689980727612125 0.000177681
"WISEA J145449.58+053545.1" 223.70659 5.59597 0.082038 0.07331790922592651 8.2038e-05
"WISEA J145740.52+095946.1" 224.41884 9.99616 0.053738 0.17409855726773976 5.3738e-05
"WISEA J150124.22+302632.9" 225.35091 30.44249 0.089519 0.0029826716903591424 8.951900000000001e-05
"WISEA J150824.81-001635.8" 227.10342 -0.27661 0.09077 0.1975926306932607 9.077e-05
"WISEA J151024.49-002226.1" 227.60215 -0.374 0.092232 0.0728443562792069 9.2232e-05
"WISEA J151935.98+254138.5" 229.89992 25.69405 0.089975 0.3157482290679151 8.9975e-05
"WISEA J152157.95+284121.7" 230.49137 28.68941 0.074196 0.04278803575868901 7.4196e-05
"WISEA J152250.11+292607.0" 230.70879 29.43533 0.116843 0.01931723487245033 0.000116843
"WISEA J152413.43+285445.2" 231.05598 28.91261 0.07498 0.12052676418168941 7.498e-05
"WISEA J152421.52+311132.3" 231.08971 31.19228 0.074843 0.03780783330987405 7.4843e-05
"WISEA J152433.35+274311.5" 231.139 27.7199 0.068593 0.005654368545765724 6.8593e-05
"WISEA J152550.91+521123.4" 231.46224 52.19 0.060752 0.010019916788105638 6.0752000000000004e-05
"WISEA J152659.62-010649.0" 231.74842 -1.11362 0.059607 0.0315878903927144 5.9607e-05
"WISEA J153223.81+310417.5" 233.09922 31.07152 0.065809 0.07052835537845345 6.5809e-05
"WISEA J153444.45+273006.3" 233.68524 27.50174 0.512682 0.21802930037613116 0.000512682
"WISEA J154053.01+555838.6" 235.22078 55.97739 0.066737 0.06980874466348244 6.673700000000001e-05
"WISEA J154416.24+334508.5" 236.06783 33.75247 0.054794 0.0724625010840478 5.4794000000000004e-05
"WISEA J154542.09+313236.8" 236.42542 31.54352 0.107938 0.09976558650018989 0.00010793800000000001
"WISEA J155254.17+503707.5" 238.2257 50.61872 0.066782 0.02880605868708328 6.6782e-05
"WISEA J155257.32+503704.6" 238.23875 50.61775 0.122457 0.47288886732572716 0.000122457
"WISEA J160109.93+231038.7" 240.2914 23.17744 0.107429 0.09177465633711067 0.000107429
"WISEA J161742.44+271255.9" 244.42693 27.21549 0.127879 0.025545789234056877 0.00012787899999999999
"WISEA J162333.78+213943.1" 245.89083 21.662 0.155521 0.04583973349668189 0.000155521
"WISEA J163339.24+135423.4" 248.41348 13.90657 0.052818 0.2169318899272385 5.2817999999999995e-05
"WISEA J163526.45+222136.7" 248.86021 22.36019 0.152607 0.005619041020094653 0.000152607
"WISEA J163758.73+361821.3" 249.49459 36.30593 0.107832 0.021628062906153527 0.000107832
"WISEA J163800.78+361827.9" 249.50324 36.30781 0.54314 0.45237750337490107 0.00054314
